image: Oschersleben5.png
resolution: 0.07712
origin: [-90.25,-29.5, 0.000000]
negate: 0
occupied_thresh: 0.45
free_thresh: 0.196
